train_2
[[29,34],[7,46,60],[69,73,78,10,80],[],[97],[72,71,67,32],[14,87,86,70],[],[65,21,22,66],[31,30,50,56],[36,39,53],[59,15,16,99,58],[47,88,57,74],[95,62,81,41,94,28,26],[33,27,25,49],[12,11,13],[45,5,2,6,4],[63,51,54,68],[98,35,100],[42,44,40,38,55],[64,84,85,48,24],[92,90,3,1,8,79,17,37,93,89,18,23,76],[82,52,9,96,91],[61,43],[83,19,20,77,75]]
19332.199644026416 false
[[28,32],[],[47,12,15,13,58],[67,84,96],[90],[72,39,81],[45,5,7,6,37,35],[62,85,51,24],[14,98,53,97,74,80,40,43],[42,44,8,17],[92,27,30,26,19],[61,3,46,4,1,70],[2,79,78,60],[52,50,34],[18,22,20,77],[95,38,41,55,100,88,89,76],[69,82,86,57,93],[59,21,49],[16,73,68],[33,29,31,54],[65,64,99,56],[36,71,94],[83,75,87,10],[63,23,25,48],[11,9,66,91]]
9943.036101907648 false
[[59,86,49,77],[63,28,26],[72,46,3,24,76,51,29,27,31,97],[95,61,41,1],[42,39,38,40,43,91],[73,7,6],[67,84,94],[15,47,17],[52,57,22,89],[82,9,10,58],[14,99,74,25],[23,21,19,20,56,93,80],[5,88,55],[36,71,4,70],[69,98],[92,90,53,54],[33,85],[83,11,16,96],[81,66,68],[45,12,78],[62,32],[2,79,8,60,100],[75,87,13],[65,44,37,35],[30,34,50,64,18,48]]
13347.185814996516 false
[[],[23,19,20,66,93],[43,35],[95,64,21,22,49,24],[59,52,86,87],[81,56],[65,83,10],[88,78,60],[63,76,50,48,57],[47,79,6,55],[8,46],[42,39,44,40,38,41,37],[62,51,85,84],[82,18,89,91],[67,94,80],[61],[2,5,1,4],[90,53],[69,98,9,13],[27,28,29,26,32,71,72,36,45,3,25,77,74,75,58,97],[7,96,54,70,100],[11,73],[14,15,16,68],[33,30,31,34],[92,12,99,17]]
13627.465538587503 false
[[8,46,1],[82,78,43],[52,57,93],[15,47,16,74,94],[42,71],[38,44,40,37,35,91],[45,5,9,77],[83,88],[92,19,51,96,68],[14,18,49,76,89],[11,86,22,48],[30,32,28,26],[99,53,66],[72,39,36,81],[98,61,41],[95,67,90,58,80],[69,3,55],[65,87,13,17],[2,12,10],[64,79,60],[63,33,31,50,23,20,21,75,97,59],[27,29,34,25],[73,24],[62,85,84,56],[6,7,4,100,70,54]]
13816.076622165554 false
[[61],[82,11,13,17],[75,58,24,50,26,32,30,63,84,62,81,44,42,48,19,77,89,34],[14,15,78,46,55],[64,21,49,25],[99,86,87,91],[59,23,31],[72,36,40,43,54],[52,12,97],[65,83,9,57,20],[69],[39,38,35,70],[8,68],[28,94,56,66],[88,53,3,4],[67,22,74],[16,73,1],[33,76,85,60],[45,5,2,96],[71,93],[47,41,37],[98,7,6,79],[95,51,18],[10,100],[92,27,29,80,90]]
21326.67930788227 false
[[44,38,40,35,37],[45,46,1,81,96,31,85,67],[86,20],[73,6,60,16,15,14],[39,36,71,17],[62,41,68],[21,26,32,33],[29,27,50,89],[69,98,87,66,56,93],[47,12,9,57],[95,76,18],[59,75,58,77],[],[72,51,84,24],[92,63,28,30,34],[5,8,3,4],[83,90,94,54],[11,99,91],[65,88,55],[2,79,43,70],[64,22,100],[52,23,97,74],[42,61,80],[82,19,49,25,48],[7,78,10,13,53]]
13442.568438219014 false
[[31,30,94],[73,78,17,13],[],[15,16,9,10],[47,90,46,4],[72,27,32],[63,71,96,80],[99,87,97],[44,38,37,35],[6,79],[8,56,93,75,25,33,34,84,57,58,22,89,36,43],[42,61,81],[12,11,86,77,48],[5,45,2,55,100,70],[52,19],[83,76,49],[92,95,28,29,26],[65,41,40,1],[69,88,7,3,60],[59,23,21,91],[64,67,50,54],[62,68],[82,98,53],[39,85,20,24,18],[14,51,66,74]]
16086.25838627738 false
